plasmid_0;37_3-,74_1-,39_0+,73_0-,37_0-,74_0-,39_2+,28_52+,28_8+,28_46+,28_11+,28_35+,28_54+,28_34+,28_71+,28_24+,28_25+,28_53+,28_62+,28_83+,28_77+,28_37+,28_32+,28_16+,28_33+,28_26+,28_18+,28_40+,28_84+,28_72+,28_21+,28_19+,28_74+,28_80+,28_28+,28_23+,28_52+,26_5+,36_2+,27_4-,46_4-,26_1+,36_0+,27_5-,46_8-,26_4+,36_1+,27_3-,46_1-,26_5+,26_2-,46_7+,27_2+,36_5-,26_3-,46_6+,27_1+,36_4-,26_0-,46_5+,25_0-,52_1-,31_1-,48_1-,84_0-,49_3-,24_2-,46_2+,25_1-,52_3-,31_0-,48_7-,84_2-,49_2-,24_1-,46_3+,25_2-,52_0-,31_2-,48_0-,84_1-,49_0-,24_0-,46_9+,27_0+,36_3-,26_2-,28_31+,28_75+,28_17+,28_12+,28_1+,28_14+,28_20+,28_31+,28_81+,28_76+,28_42+,28_27+,28_30+,28_15+,28_29+,28_36+,28_44+,28_39+,28_10+,28_64+,28_73+,28_13+,28_47+,28_5+,28_70+,28_48+,28_81+,37_1-,74_2-,39_3+,73_1-,37_1-,28_58-,28_58-
# 37_3	1.0	0.458955223881	1	536
# 74_1	0.0	0.617021276596	1	47
# 39_0	0.919587628866	0.441237113402	1	485
# 73_0	0.0	0.617021276596	1	47
# 37_0	1.0	0.458955223881	1	536
# 74_0	0.0	0.617021276596	1	47
# 39_2	0.919587628866	0.441237113402	1	485
# 28_52	0.472328244275	0.555820610687	1	2096
# 28_8	0.472328244275	0.555820610687	1	2096
# 28_46	0.472328244275	0.555820610687	1	2096
# 28_11	0.472328244275	0.555820610687	1	2096
# 28_35	0.472328244275	0.555820610687	1	2096
# 28_54	0.472328244275	0.555820610687	1	2096
# 28_34	0.472328244275	0.555820610687	1	2096
# 28_71	0.472328244275	0.555820610687	1	2096
# 28_24	0.472328244275	0.555820610687	1	2096
# 28_25	0.472328244275	0.555820610687	1	2096
# 28_53	0.472328244275	0.555820610687	1	2096
# 28_62	0.472328244275	0.555820610687	1	2096
# 28_83	0.472328244275	0.555820610687	1	2096
# 28_77	0.472328244275	0.555820610687	1	2096
# 28_37	0.472328244275	0.555820610687	1	2096
# 28_32	0.472328244275	0.555820610687	1	2096
# 28_16	0.472328244275	0.555820610687	1	2096
# 28_33	0.472328244275	0.555820610687	1	2096
# 28_26	0.472328244275	0.555820610687	1	2096
# 28_18	0.472328244275	0.555820610687	1	2096
# 28_40	0.472328244275	0.555820610687	1	2096
# 28_84	0.472328244275	0.555820610687	1	2096
# 28_72	0.472328244275	0.555820610687	1	2096
# 28_21	0.472328244275	0.555820610687	1	2096
# 28_19	0.472328244275	0.555820610687	1	2096
# 28_74	0.472328244275	0.555820610687	1	2096
# 28_80	0.472328244275	0.555820610687	1	2096
# 28_28	0.472328244275	0.555820610687	1	2096
# 28_23	0.472328244275	0.555820610687	1	2096
# 28_52	0.472328244275	0.555820610687	1	2096
# 26_5	0.886533665835	0.571903574397	1	2406
# 36_2	0.993299832496	0.641541038526	1	597
# 27_4	0.960901563937	0.584176632935	1	2174
# 46_4	1.0	0.556910569106	1	246
# 26_1	0.886533665835	0.571903574397	1	2406
# 36_0	0.993299832496	0.641541038526	1	597
# 27_5	0.960901563937	0.584176632935	1	2174
# 46_8	1.0	0.556910569106	1	246
# 26_4	0.886533665835	0.571903574397	1	2406
# 36_1	0.993299832496	0.641541038526	1	597
# 27_3	0.960901563937	0.584176632935	1	2174
# 46_1	1.0	0.556910569106	1	246
# 26_5	0.886533665835	0.571903574397	1	2406
# 26_2	0.886533665835	0.571903574397	1	2406
# 46_7	1.0	0.556910569106	1	246
# 27_2	0.960901563937	0.584176632935	1	2174
# 36_5	0.993299832496	0.641541038526	1	597
# 26_3	0.886533665835	0.571903574397	1	2406
# 46_6	1.0	0.556910569106	1	246
# 27_1	0.960901563937	0.584176632935	1	2174
# 36_4	0.993299832496	0.641541038526	1	597
# 26_0	0.886533665835	0.571903574397	1	2406
# 46_5	1.0	0.556910569106	1	246
# 25_0	0.866458414682	0.599765716517	1	2561
# 52_1	0.0	0.715328467153	1	137
# 31_1	0.861538461538	0.563562753036	1	1235
# 48_1	1.0	0.594059405941	1	202
# 84_0	0.0	0.636363636364	1	11
# 49_3	1.0	0.628571428571	1	175
# 24_2	0.922377395258	0.537836960052	1	3079
# 46_2	1.0	0.556910569106	1	246
# 25_1	0.866458414682	0.599765716517	1	2561
# 52_3	0.0	0.715328467153	1	137
# 31_0	0.861538461538	0.563562753036	1	1235
# 48_7	1.0	0.594059405941	1	202
# 84_2	0.0	0.636363636364	1	11
# 49_2	1.0	0.628571428571	1	175
# 24_1	0.922377395258	0.537836960052	1	3079
# 46_3	1.0	0.556910569106	1	246
# 25_2	0.866458414682	0.599765716517	1	2561
# 52_0	0.0	0.715328467153	1	137
# 31_2	0.861538461538	0.563562753036	1	1235
# 48_0	1.0	0.594059405941	1	202
# 84_1	0.0	0.636363636364	1	11
# 49_0	1.0	0.628571428571	1	175
# 24_0	0.922377395258	0.537836960052	1	3079
# 46_9	1.0	0.556910569106	1	246
# 27_0	0.960901563937	0.584176632935	1	2174
# 36_3	0.993299832496	0.641541038526	1	597
# 26_2	0.886533665835	0.571903574397	1	2406
# 28_31	0.472328244275	0.555820610687	1	2096
# 28_75	0.472328244275	0.555820610687	1	2096
# 28_17	0.472328244275	0.555820610687	1	2096
# 28_12	0.472328244275	0.555820610687	1	2096
# 28_1	0.472328244275	0.555820610687	1	2096
# 28_14	0.472328244275	0.555820610687	1	2096
# 28_20	0.472328244275	0.555820610687	1	2096
# 28_31	0.472328244275	0.555820610687	1	2096
# 28_81	0.472328244275	0.555820610687	1	2096
# 28_76	0.472328244275	0.555820610687	1	2096
# 28_42	0.472328244275	0.555820610687	1	2096
# 28_27	0.472328244275	0.555820610687	1	2096
# 28_30	0.472328244275	0.555820610687	1	2096
# 28_15	0.472328244275	0.555820610687	1	2096
# 28_29	0.472328244275	0.555820610687	1	2096
# 28_36	0.472328244275	0.555820610687	1	2096
# 28_44	0.472328244275	0.555820610687	1	2096
# 28_39	0.472328244275	0.555820610687	1	2096
# 28_10	0.472328244275	0.555820610687	1	2096
# 28_64	0.472328244275	0.555820610687	1	2096
# 28_73	0.472328244275	0.555820610687	1	2096
# 28_13	0.472328244275	0.555820610687	1	2096
# 28_47	0.472328244275	0.555820610687	1	2096
# 28_5	0.472328244275	0.555820610687	1	2096
# 28_70	0.472328244275	0.555820610687	1	2096
# 28_48	0.472328244275	0.555820610687	1	2096
# 28_81	0.472328244275	0.555820610687	1	2096
# 37_1	1.0	0.458955223881	1	536
# 74_2	0.0	0.617021276596	1	47
# 39_3	0.919587628866	0.441237113402	1	485
# 73_1	0.0	0.617021276596	1	47
# 37_1	1.0	0.458955223881	1	536
# 28_58	0.472328244275	0.555820610687	1	2096
# 28_58	0.472328244275	0.555820610687	1	2096

plasmid_1;48_2+,30_2+,52_2+,23_0+,22_22-,22_1-,22_18-,22_32-,22_35-,22_14-,22_25-,22_26-,22_17-,22_24-,22_8-,22_23-,22_34-,22_39-,22_4-,22_21-,22_7-,22_5-,22_20-,22_27-,22_12-,22_31-,22_10-,22_28-,22_6-,22_38-,22_36-,22_22-,28_0-,28_2-,28_3-,28_43-,28_61-,28_50-,28_51-,28_67-,28_22-,28_56-,28_65-,28_66-,28_63-,28_6-,28_55-,28_69-,28_7-,28_49-,28_4-,28_38-,28_79-,28_41-,28_9-,28_0-,28_57+,28_59+,28_82+,28_45+,28_60+,28_68+,28_57+,22_0+,22_3+,22_37+,22_29+,22_0+,28_78-,28_78-
# 48_2	1.0	0.594059405941	1	202
# 30_2	0.831628638867	0.555468135327	1	1271
# 52_2	0.0	0.715328467153	1	137
# 23_0	0.793968253968	0.572380952381	1	3150
# 22_22	0.388790035587	0.551304863582	1	3372
# 22_1	0.388790035587	0.551304863582	1	3372
# 22_18	0.388790035587	0.551304863582	1	3372
# 22_32	0.388790035587	0.551304863582	1	3372
# 22_35	0.388790035587	0.551304863582	1	3372
# 22_14	0.388790035587	0.551304863582	1	3372
# 22_25	0.388790035587	0.551304863582	1	3372
# 22_26	0.388790035587	0.551304863582	1	3372
# 22_17	0.388790035587	0.551304863582	1	3372
# 22_24	0.388790035587	0.551304863582	1	3372
# 22_8	0.388790035587	0.551304863582	1	3372
# 22_23	0.388790035587	0.551304863582	1	3372
# 22_34	0.388790035587	0.551304863582	1	3372
# 22_39	0.388790035587	0.551304863582	1	3372
# 22_4	0.388790035587	0.551304863582	1	3372
# 22_21	0.388790035587	0.551304863582	1	3372
# 22_7	0.388790035587	0.551304863582	1	3372
# 22_5	0.388790035587	0.551304863582	1	3372
# 22_20	0.388790035587	0.551304863582	1	3372
# 22_27	0.388790035587	0.551304863582	1	3372
# 22_12	0.388790035587	0.551304863582	1	3372
# 22_31	0.388790035587	0.551304863582	1	3372
# 22_10	0.388790035587	0.551304863582	1	3372
# 22_28	0.388790035587	0.551304863582	1	3372
# 22_6	0.388790035587	0.551304863582	1	3372
# 22_38	0.388790035587	0.551304863582	1	3372
# 22_36	0.388790035587	0.551304863582	1	3372
# 22_22	0.388790035587	0.551304863582	1	3372
# 28_0	0.472328244275	0.555820610687	1	2096
# 28_2	0.472328244275	0.555820610687	1	2096
# 28_3	0.472328244275	0.555820610687	1	2096
# 28_43	0.472328244275	0.555820610687	1	2096
# 28_61	0.472328244275	0.555820610687	1	2096
# 28_50	0.472328244275	0.555820610687	1	2096
# 28_51	0.472328244275	0.555820610687	1	2096
# 28_67	0.472328244275	0.555820610687	1	2096
# 28_22	0.472328244275	0.555820610687	1	2096
# 28_56	0.472328244275	0.555820610687	1	2096
# 28_65	0.472328244275	0.555820610687	1	2096
# 28_66	0.472328244275	0.555820610687	1	2096
# 28_63	0.472328244275	0.555820610687	1	2096
# 28_6	0.472328244275	0.555820610687	1	2096
# 28_55	0.472328244275	0.555820610687	1	2096
# 28_69	0.472328244275	0.555820610687	1	2096
# 28_7	0.472328244275	0.555820610687	1	2096
# 28_49	0.472328244275	0.555820610687	1	2096
# 28_4	0.472328244275	0.555820610687	1	2096
# 28_38	0.472328244275	0.555820610687	1	2096
# 28_79	0.472328244275	0.555820610687	1	2096
# 28_41	0.472328244275	0.555820610687	1	2096
# 28_9	0.472328244275	0.555820610687	1	2096
# 28_0	0.472328244275	0.555820610687	1	2096
# 28_57	0.472328244275	0.555820610687	1	2096
# 28_59	0.472328244275	0.555820610687	1	2096
# 28_82	0.472328244275	0.555820610687	1	2096
# 28_45	0.472328244275	0.555820610687	1	2096
# 28_60	0.472328244275	0.555820610687	1	2096
# 28_68	0.472328244275	0.555820610687	1	2096
# 28_57	0.472328244275	0.555820610687	1	2096
# 22_0	0.388790035587	0.551304863582	1	3372
# 22_3	0.388790035587	0.551304863582	1	3372
# 22_37	0.388790035587	0.551304863582	1	3372
# 22_29	0.388790035587	0.551304863582	1	3372
# 22_0	0.388790035587	0.551304863582	1	3372
# 28_78	0.472328244275	0.555820610687	1	2096
# 28_78	0.472328244275	0.555820610687	1	2096

plasmid_2;15_2-,39_1-,15_1+,49_1-,14_1+,37_2+,22_11-,22_13-,22_2-,22_41-,22_40-,22_19-,22_33-,22_9-,22_16-,22_42-,22_11-,22_15-,22_30-,22_15-
# 15_2	0.910515600587	0.503598314474	1	42242
# 39_1	0.919587628866	0.441237113402	1	485
# 15_1	0.910515600587	0.503598314474	1	42242
# 49_1	1.0	0.628571428571	1	175
# 14_1	0.859633497361	0.482198125181	1	44911
# 37_2	1.0	0.458955223881	1	536
# 22_11	0.388790035587	0.551304863582	1	3372
# 22_13	0.388790035587	0.551304863582	1	3372
# 22_2	0.388790035587	0.551304863582	1	3372
# 22_41	0.388790035587	0.551304863582	1	3372
# 22_40	0.388790035587	0.551304863582	1	3372
# 22_19	0.388790035587	0.551304863582	1	3372
# 22_33	0.388790035587	0.551304863582	1	3372
# 22_9	0.388790035587	0.551304863582	1	3372
# 22_16	0.388790035587	0.551304863582	1	3372
# 22_42	0.388790035587	0.551304863582	1	3372
# 22_11	0.388790035587	0.551304863582	1	3372
# 22_15	0.388790035587	0.551304863582	1	3372
# 22_30	0.388790035587	0.551304863582	1	3372
# 22_15	0.388790035587	0.551304863582	1	3372

plasmid_3;13_0+,48_3+,30_5+,16_7+,16_10+,16_5+,16_7+
# 13_0	0.905523590334	0.503835826621	1	52140
# 48_3	1.0	0.594059405941	1	202
# 30_5	0.831628638867	0.555468135327	1	1271
# 16_7	0.821763005014	0.411783431042	1	37697
# 16_10	0.821763005014	0.411783431042	1	37697
# 16_5	0.821763005014	0.411783431042	1	37697
# 16_7	0.821763005014	0.411783431042	1	37697

plasmid_4;30_3-,48_9-,13_3-,16_1+,16_0+,16_2+,16_1+
# 30_3	0.831628638867	0.555468135327	1	1271
# 48_9	1.0	0.594059405941	1	202
# 13_3	0.905523590334	0.503835826621	1	52140
# 16_1	0.821763005014	0.411783431042	1	37697
# 16_0	0.821763005014	0.411783431042	1	37697
# 16_2	0.821763005014	0.411783431042	1	37697
# 16_1	0.821763005014	0.411783431042	1	37697

plasmid_5;30_4-,48_4-,13_2-,16_6+,16_11+,16_8+,16_6+
# 30_4	0.831628638867	0.555468135327	1	1271
# 48_4	1.0	0.594059405941	1	202
# 13_2	0.905523590334	0.503835826621	1	52140
# 16_6	0.821763005014	0.411783431042	1	37697
# 16_11	0.821763005014	0.411783431042	1	37697
# 16_8	0.821763005014	0.411783431042	1	37697
# 16_6	0.821763005014	0.411783431042	1	37697

plasmid_6;30_0-,48_8-,13_4-
# 30_0	0.831628638867	0.555468135327	1	1271
# 48_8	1.0	0.594059405941	1	202
# 13_4	0.905523590334	0.503835826621	1	52140

plasmid_7;30_6-,48_5-,13_1-
# 30_6	0.831628638867	0.555468135327	1	1271
# 48_5	1.0	0.594059405941	1	202
# 13_1	0.905523590334	0.503835826621	1	52140

plasmid_8;30_1-,48_6-,13_5-
# 30_1	0.831628638867	0.555468135327	1	1271
# 48_6	1.0	0.594059405941	1	202
# 13_5	0.905523590334	0.503835826621	1	52140

plasmid_9;16_9+,16_3+,16_4+
# 16_9	0.821763005014	0.411783431042	1	37697
# 16_3	0.821763005014	0.411783431042	1	37697
# 16_4	0.821763005014	0.411783431042	1	37697

plasmid_10;15_0+
# 15_0	0.910515600587	0.503598314474	1	42242

plasmid_11;14_0+
# 14_0	0.859633497361	0.482198125181	1	44911

plasmid_12;14_2+
# 14_2	0.859633497361	0.482198125181	1	44911

plasmid_13;23_3+
# 23_3	0.793968253968	0.572380952381	1	3150

plasmid_14;23_4+
# 23_4	0.793968253968	0.572380952381	1	3150

plasmid_15;23_2+
# 23_2	0.793968253968	0.572380952381	1	3150

plasmid_16;23_1+
# 23_1	0.793968253968	0.572380952381	1	3150

