plasmid_0;42_2-,58_2-,24_0-,58_0+,109_1+,35_1-,28_1-,43_3-,20_0-,43_2+,17_0+,62_0+,23_0+,62_1+,16_1+,47_1-,88_0+,49_2+,17_0+,29_17+,29_17+,26_0-,53_0+,54_1+,43_1-,44_1+,53_1-,26_0-,32_4-,32_4-,31_0+,31_0+,33_8+,33_8+
#Contig	Gene_coverage	GC_cont	Read_depth	Length
# 42_2	1.0	0.4492415402567094	1	857
# 58_2	1.0	0.46808510638297873	1	188
# 24_0	0.86468200270636	0.384453465644264	1	6651
# 58_0	1.0	0.46808510638297873	1	188
# 109_1	0.0	0.0	1	3
# 35_1	0.9587786259541985	0.5404580152671755	1	1310
# 28_1	0.7442352941176471	0.45176470588235296	1	4250
# 43_3	1.0	0.524390243902439	1	820
# 20_0	0.9246551291698019	0.5738148984198645	1	19935
# 43_2	1.0	0.524390243902439	1	820
# 17_0	0.9072913603149108	0.5041965477456282	1	44203
# 62_0	1.0	0.6666666666666666	1	132
# 23_0	0.9415757253127496	0.5689379824327921	1	7514
# 62_1	1.0	0.6666666666666666	1	132
# 16_1	0.8687486398258977	0.48206746463547334	1	45950
# 47_1	1.0	0.458955223880597	1	536
# 88_0	0.0	0.6170212765957447	1	47
# 49_2	0.9195876288659793	0.44123711340206184	1	485
# 17_0	0.9072913603149108	0.5041965477456282	1	44203
# 29_17	0.7728553137003841	0.5106274007682459	1	3905
# 29_17	0.7728553137003841	0.5106274007682459	1	3905
# 26_0	0.930479016532429	0.6104281475201356	1	4718
# 53_0	0.8023255813953488	0.5755813953488372	1	344
# 54_1	0.3222591362126246	0.5282392026578073	1	301
# 43_1	1.0	0.524390243902439	1	820
# 44_1	0.9405797101449276	0.5985507246376811	1	690
# 53_1	0.8023255813953488	0.5755813953488372	1	344
# 26_0	0.930479016532429	0.6104281475201356	1	4718
# 32_4	0.6176559204579692	0.4335643266043989	1	3319
# 32_4	0.6176559204579692	0.4335643266043989	1	3319
# 31_0	0.3887900355871886	0.5513048635824437	1	3372
# 31_0	0.3887900355871886	0.5513048635824437	1	3372
# 33_8	0.4723282442748092	0.5553435114503816	1	2096
# 33_8	0.4723282442748092	0.5553435114503816	1	2096

plasmid_1;53_2+,44_0-,43_0+,28_0+,35_2+,109_0-,58_1-,29_1+,29_1+,62_2-,17_2-,49_1+,90_1-,47_0-,16_0-,62_2-,32_19+,32_19+,15_1+,42_1-,35_0+,15_1+,33_14-,33_14-,31_21-,31_21-
#Contig	Gene_coverage	GC_cont	Read_depth	Length
# 53_2	0.8023255813953488	0.5755813953488372	1	344
# 44_0	0.9405797101449276	0.5985507246376811	1	690
# 43_0	1.0	0.524390243902439	1	820
# 28_0	0.7442352941176471	0.45176470588235296	1	4250
# 35_2	0.9587786259541985	0.5404580152671755	1	1310
# 109_0	0.0	0.0	1	3
# 58_1	1.0	0.46808510638297873	1	188
# 29_1	0.7728553137003841	0.5106274007682459	1	3905
# 29_1	0.7728553137003841	0.5106274007682459	1	3905
# 62_2	1.0	0.6666666666666666	1	132
# 17_2	0.9072913603149108	0.5041965477456282	1	44203
# 49_1	0.9195876288659793	0.44123711340206184	1	485
# 90_1	0.0	0.6170212765957447	1	47
# 47_0	1.0	0.458955223880597	1	536
# 16_0	0.8687486398258977	0.48206746463547334	1	45950
# 62_2	1.0	0.6666666666666666	1	132
# 32_19	0.6176559204579692	0.4335643266043989	1	3319
# 32_19	0.6176559204579692	0.4335643266043989	1	3319
# 15_1	0.7954112718964204	0.4458872810357959	1	52520
# 42_1	1.0	0.4492415402567094	1	857
# 35_0	0.9587786259541985	0.5404580152671755	1	1310
# 15_1	0.7954112718964204	0.4458872810357959	1	52520
# 33_14	0.4723282442748092	0.5553435114503816	1	2096
# 33_14	0.4723282442748092	0.5553435114503816	1	2096
# 31_21	0.3887900355871886	0.5513048635824437	1	3372
# 31_21	0.3887900355871886	0.5513048635824437	1	3372

plasmid_2;17_1-,49_0+,90_0-,47_2-,33_48+,33_48+,32_14+,32_14+,31_1-,31_1-,29_2-,29_2-
#Contig	Gene_coverage	GC_cont	Read_depth	Length
# 17_1	0.9072913603149108	0.5041965477456282	1	44203
# 49_0	0.9195876288659793	0.44123711340206184	1	485
# 90_0	0.0	0.6170212765957447	1	47
# 47_2	1.0	0.458955223880597	1	536
# 33_48	0.4723282442748092	0.5553435114503816	1	2096
# 33_48	0.4723282442748092	0.5553435114503816	1	2096
# 32_14	0.6176559204579692	0.4335643266043989	1	3319
# 32_14	0.6176559204579692	0.4335643266043989	1	3319
# 31_1	0.3887900355871886	0.5513048635824437	1	3372
# 31_1	0.3887900355871886	0.5513048635824437	1	3372
# 29_2	0.7728553137003841	0.5106274007682459	1	3905
# 29_2	0.7728553137003841	0.5106274007682459	1	3905

plasmid_3;11_1-,42_0-,33_1+,33_1+,29_0-,29_0-,31_3+,31_3+,32_0-,32_0-
#Contig	Gene_coverage	GC_cont	Read_depth	Length
# 11_1	0.8218168761220825	0.4511238779174147	1	139250
# 42_0	1.0	0.4492415402567094	1	857
# 33_1	0.4723282442748092	0.5553435114503816	1	2096
# 33_1	0.4723282442748092	0.5553435114503816	1	2096
# 29_0	0.7728553137003841	0.5106274007682459	1	3905
# 29_0	0.7728553137003841	0.5106274007682459	1	3905
# 31_3	0.3887900355871886	0.5513048635824437	1	3372
# 31_3	0.3887900355871886	0.5513048635824437	1	3372
# 32_0	0.6176559204579692	0.4335643266043989	1	3319
# 32_0	0.6176559204579692	0.4335643266043989	1	3319

plasmid_4;33_20-33_20-,32_3+,32_3+,29_3-,29_3-,31_2+,31_2+
#Contig	Gene_coverage	GC_cont	Read_depth	Length
# 33_20	0.4723282442748092	0.5553435114503816	1	2096
# 33_20	0.4723282442748092	0.5553435114503816	1	2096
# 32_3	0.6176559204579692	0.4335643266043989	1	3319
# 32_3	0.6176559204579692	0.4335643266043989	1	3319
# 29_3	0.7728553137003841	0.5106274007682459	1	3905
# 29_3	0.7728553137003841	0.5106274007682459	1	3905
# 31_2	0.3887900355871886	0.5513048635824437	1	3372
# 31_2	0.3887900355871886	0.5513048635824437	1	3372

plasmid_5;29_15-29_15-,33_68+,33_68+,31_7-,31_7-,32_9-,32_9-
#Contig	Gene_coverage	GC_cont	Read_depth	Length
# 29_15	0.7728553137003841	0.5106274007682459	1	3905
# 29_15	0.7728553137003841	0.5106274007682459	1	3905
# 33_68	0.4723282442748092	0.5553435114503816	1	2096
# 33_68	0.4723282442748092	0.5553435114503816	1	2096
# 31_7	0.3887900355871886	0.5513048635824437	1	3372
# 31_7	0.3887900355871886	0.5513048635824437	1	3372
# 32_9	0.6176559204579692	0.4335643266043989	1	3319
# 32_9	0.6176559204579692	0.4335643266043989	1	3319

plasmid_6;29_6-29_6-,31_4+,31_4+,33_44+,33_44+,32_26-,32_26-
#Contig	Gene_coverage	GC_cont	Read_depth	Length
# 29_6	0.7728553137003841	0.5106274007682459	1	3905
# 29_6	0.7728553137003841	0.5106274007682459	1	3905
# 31_4	0.3887900355871886	0.5513048635824437	1	3372
# 31_4	0.3887900355871886	0.5513048635824437	1	3372
# 33_44	0.4723282442748092	0.5553435114503816	1	2096
# 33_44	0.4723282442748092	0.5553435114503816	1	2096
# 32_26	0.6176559204579692	0.4335643266043989	1	3319
# 32_26	0.6176559204579692	0.4335643266043989	1	3319

plasmid_7;31_6-31_6-,32_2+,32_2+,33_60+,33_60+,29_9-,29_9-
#Contig	Gene_coverage	GC_cont	Read_depth	Length
# 31_6	0.3887900355871886	0.5513048635824437	1	3372
# 31_6	0.3887900355871886	0.5513048635824437	1	3372
# 32_2	0.6176559204579692	0.4335643266043989	1	3319
# 32_2	0.6176559204579692	0.4335643266043989	1	3319
# 33_60	0.4723282442748092	0.5553435114503816	1	2096
# 33_60	0.4723282442748092	0.5553435114503816	1	2096
# 29_9	0.7728553137003841	0.5106274007682459	1	3905
# 29_9	0.7728553137003841	0.5106274007682459	1	3905

plasmid_8;32_15+32_15+,33_81+,33_81+,31_30+,31_30+,29_18+,29_18+
#Contig	Gene_coverage	GC_cont	Read_depth	Length
# 32_15	0.6176559204579692	0.4335643266043989	1	3319
# 32_15	0.6176559204579692	0.4335643266043989	1	3319
# 33_81	0.4723282442748092	0.5553435114503816	1	2096
# 33_81	0.4723282442748092	0.5553435114503816	1	2096
# 31_30	0.3887900355871886	0.5513048635824437	1	3372
# 31_30	0.3887900355871886	0.5513048635824437	1	3372
# 29_18	0.7728553137003841	0.5106274007682459	1	3905
# 29_18	0.7728553137003841	0.5106274007682459	1	3905

plasmid_9;32_11-32_11-,33_79-,33_79-,31_13-,31_13-,29_4-,29_4-
#Contig	Gene_coverage	GC_cont	Read_depth	Length
# 32_11	0.6176559204579692	0.4335643266043989	1	3319
# 32_11	0.6176559204579692	0.4335643266043989	1	3319
# 33_79	0.4723282442748092	0.5553435114503816	1	2096
# 33_79	0.4723282442748092	0.5553435114503816	1	2096
# 31_13	0.3887900355871886	0.5513048635824437	1	3372
# 31_13	0.3887900355871886	0.5513048635824437	1	3372
# 29_4	0.7728553137003841	0.5106274007682459	1	3905
# 29_4	0.7728553137003841	0.5106274007682459	1	3905

plasmid_10;29_7+29_7+,33_0+,33_0+,32_1+,32_1+,31_8+,31_8+
#Contig	Gene_coverage	GC_cont	Read_depth	Length
# 29_7	0.7728553137003841	0.5106274007682459	1	3905
# 29_7	0.7728553137003841	0.5106274007682459	1	3905
# 33_0	0.4723282442748092	0.5553435114503816	1	2096
# 33_0	0.4723282442748092	0.5553435114503816	1	2096
# 32_1	0.6176559204579692	0.4335643266043989	1	3319
# 32_1	0.6176559204579692	0.4335643266043989	1	3319
# 31_8	0.3887900355871886	0.5513048635824437	1	3372
# 31_8	0.3887900355871886	0.5513048635824437	1	3372

plasmid_11;31_5+31_5+,32_17+,32_17+,33_2+,33_2+,29_8+,29_8+
#Contig	Gene_coverage	GC_cont	Read_depth	Length
# 31_5	0.3887900355871886	0.5513048635824437	1	3372
# 31_5	0.3887900355871886	0.5513048635824437	1	3372
# 32_17	0.6176559204579692	0.4335643266043989	1	3319
# 32_17	0.6176559204579692	0.4335643266043989	1	3319
# 33_2	0.4723282442748092	0.5553435114503816	1	2096
# 33_2	0.4723282442748092	0.5553435114503816	1	2096
# 29_8	0.7728553137003841	0.5106274007682459	1	3905
# 29_8	0.7728553137003841	0.5106274007682459	1	3905

plasmid_12;29_14+29_14+,33_39+,33_39+,31_29+,31_29+,32_25-,32_25-
#Contig	Gene_coverage	GC_cont	Read_depth	Length
# 29_14	0.7728553137003841	0.5106274007682459	1	3905
# 29_14	0.7728553137003841	0.5106274007682459	1	3905
# 33_39	0.4723282442748092	0.5553435114503816	1	2096
# 33_39	0.4723282442748092	0.5553435114503816	1	2096
# 31_29	0.3887900355871886	0.5513048635824437	1	3372
# 31_29	0.3887900355871886	0.5513048635824437	1	3372
# 32_25	0.6176559204579692	0.4335643266043989	1	3319
# 32_25	0.6176559204579692	0.4335643266043989	1	3319

plasmid_13;32_5+32_5+,31_28-,31_28-,33_58-,33_58-,29_13-,29_13-
#Contig	Gene_coverage	GC_cont	Read_depth	Length
# 32_5	0.6176559204579692	0.4335643266043989	1	3319
# 32_5	0.6176559204579692	0.4335643266043989	1	3319
# 31_28	0.3887900355871886	0.5513048635824437	1	3372
# 31_28	0.3887900355871886	0.5513048635824437	1	3372
# 33_58	0.4723282442748092	0.5553435114503816	1	2096
# 33_58	0.4723282442748092	0.5553435114503816	1	2096
# 29_13	0.7728553137003841	0.5106274007682459	1	3905
# 29_13	0.7728553137003841	0.5106274007682459	1	3905

plasmid_14;32_23+32_23+,33_72+,33_72+,31_16+,31_16+
#Contig	Gene_coverage	GC_cont	Read_depth	Length
# 32_23	0.6176559204579692	0.4335643266043989	1	3319
# 32_23	0.6176559204579692	0.4335643266043989	1	3319
# 33_72	0.4723282442748092	0.5553435114503816	1	2096
# 33_72	0.4723282442748092	0.5553435114503816	1	2096
# 31_16	0.3887900355871886	0.5513048635824437	1	3372
# 31_16	0.3887900355871886	0.5513048635824437	1	3372

plasmid_15;32_10+32_10+,33_30-,33_30-,31_12+,31_12+
#Contig	Gene_coverage	GC_cont	Read_depth	Length
# 32_10	0.6176559204579692	0.4335643266043989	1	3319
# 32_10	0.6176559204579692	0.4335643266043989	1	3319
# 33_30	0.4723282442748092	0.5553435114503816	1	2096
# 33_30	0.4723282442748092	0.5553435114503816	1	2096
# 31_12	0.3887900355871886	0.5513048635824437	0.9999911411812678	3372
# 31_12	0.3887900355871886	0.5513048635824437	0.9999911411812678	3372

plasmid_16;33_11-33_11-,32_16-,32_16-,31_20-,31_20-
#Contig	Gene_coverage	GC_cont	Read_depth	Length
# 33_11	0.4723282442748092	0.5553435114503816	1	2096
# 33_11	0.4723282442748092	0.5553435114503816	1	2096
# 32_16	0.6176559204579692	0.4335643266043989	1	3319
# 32_16	0.6176559204579692	0.4335643266043989	1	3319
# 31_20	0.3887900355871886	0.5513048635824437	1	3372
# 31_20	0.3887900355871886	0.5513048635824437	1	3372

plasmid_17;31_27-31_27-,32_27+,32_27+,33_63-,33_63-
#Contig	Gene_coverage	GC_cont	Read_depth	Length
# 31_27	0.3887900355871886	0.5513048635824437	1	3372
# 31_27	0.3887900355871886	0.5513048635824437	1	3372
# 32_27	0.6176559204579692	0.4335643266043989	1	3319
# 32_27	0.6176559204579692	0.4335643266043989	1	3319
# 33_63	0.4723282442748092	0.5553435114503816	1	2096
# 33_63	0.4723282442748092	0.5553435114503816	1	2096

plasmid_18;31_26-31_26-,33_26+,33_26+,32_6-,32_6-
#Contig	Gene_coverage	GC_cont	Read_depth	Length
# 31_26	0.3887900355871886	0.5513048635824437	1	3372
# 31_26	0.3887900355871886	0.5513048635824437	1	3372
# 33_26	0.4723282442748092	0.5553435114503816	1	2096
# 33_26	0.4723282442748092	0.5553435114503816	1	2096
# 32_6	0.6176559204579692	0.4335643266043989	1	3319
# 32_6	0.6176559204579692	0.4335643266043989	1	3319

plasmid_19;32_21-32_21-,31_24-,31_24-,33_54-,33_54-
#Contig	Gene_coverage	GC_cont	Read_depth	Length
# 32_21	0.6176559204579692	0.4335643266043989	1	3319
# 32_21	0.6176559204579692	0.4335643266043989	1	3319
# 31_24	0.3887900355871886	0.5513048635824437	1	3372
# 31_24	0.3887900355871886	0.5513048635824437	1	3372
# 33_54	0.4723282442748092	0.5553435114503816	1	2096
# 33_54	0.4723282442748092	0.5553435114503816	1	2096

plasmid_20;33_25-33_25-,32_22-,32_22-,31_22-,31_22-
#Contig	Gene_coverage	GC_cont	Read_depth	Length
# 33_25	0.4723282442748092	0.5553435114503816	1	2096
# 33_25	0.4723282442748092	0.5553435114503816	1	2096
# 32_22	0.6176559204579692	0.4335643266043989	1	3319
# 32_22	0.6176559204579692	0.4335643266043989	1	3319
# 31_22	0.3887900355871886	0.5513048635824437	0.9999999628486304	3372
# 31_22	0.3887900355871886	0.5513048635824437	0.9999999628486304	3372

plasmid_21;32_20-,32_24-,33_15-,33_15-,31_14+,31_14+
#Contig	Gene_coverage	GC_cont	Read_depth	Length
# 32_20	0.6176559204579692	0.4335643266043989	1	3319
# 32_24	0.6176559204579692	0.4335643266043989	1	3319
# 33_15	0.4723282442748092	0.5553435114503816	1	2096
# 33_15	0.4723282442748092	0.5553435114503816	1	2096
# 31_14	0.3887900355871886	0.5513048635824437	1	3372
# 31_14	0.3887900355871886	0.5513048635824437	1	3372

plasmid_22;33_4-33_4-,31_10+,31_10+
#Contig	Gene_coverage	GC_cont	Read_depth	Length
# 33_4	0.4723282442748092	0.5553435114503816	1	2096
# 33_4	0.4723282442748092	0.5553435114503816	1	2096
# 31_10	0.3887900355871886	0.5513048635824437	1	3372
# 31_10	0.3887900355871886	0.5513048635824437	1	3372

plasmid_23;33_12+,33_34+,31_25+,31_25+
#Contig	Gene_coverage	GC_cont	Read_depth	Length
# 33_12	0.4723282442748092	0.5553435114503816	1	2096
# 33_34	0.4723282442748092	0.5553435114503816	1	2096
# 31_25	0.3887900355871886	0.5513048635824437	1	3372
# 31_25	0.3887900355871886	0.5513048635824437	1	3372

plasmid_24;31_17-31_17-,33_9+,33_9+
#Contig	Gene_coverage	GC_cont	Read_depth	Length
# 31_17	0.3887900355871886	0.5513048635824437	1	3372
# 31_17	0.3887900355871886	0.5513048635824437	1	3372
# 33_9	0.4723282442748092	0.5553435114503816	1	2096
# 33_9	0.4723282442748092	0.5553435114503816	1	2096

plasmid_25;31_19-31_19-,33_3-,33_3-
#Contig	Gene_coverage	GC_cont	Read_depth	Length
# 31_19	0.3887900355871886	0.5513048635824437	1	3372
# 31_19	0.3887900355871886	0.5513048635824437	1	3372
# 33_3	0.4723282442748092	0.5553435114503816	1	2096
# 33_3	0.4723282442748092	0.5553435114503816	1	2096

plasmid_26;31_18-31_18-,33_73-,33_73-
#Contig	Gene_coverage	GC_cont	Read_depth	Length
# 31_18	0.3887900355871886	0.5513048635824437	1	3372
# 31_18	0.3887900355871886	0.5513048635824437	1	3372
# 33_73	0.4723282442748092	0.5553435114503816	1	2096
# 33_73	0.4723282442748092	0.5553435114503816	1	2096

plasmid_27;31_9-31_9-,33_7+,33_7+
#Contig	Gene_coverage	GC_cont	Read_depth	Length
# 31_9	0.3887900355871886	0.5513048635824437	1	3372
# 31_9	0.3887900355871886	0.5513048635824437	1	3372
# 33_7	0.4723282442748092	0.5553435114503816	1	2096
# 33_7	0.4723282442748092	0.5553435114503816	1	2096

plasmid_28;31_15-31_15-,33_61-,33_61-
#Contig	Gene_coverage	GC_cont	Read_depth	Length
# 31_15	0.3887900355871886	0.5513048635824437	1	3372
# 31_15	0.3887900355871886	0.5513048635824437	1	3372
# 33_61	0.4723282442748092	0.5553435114503816	1	2096
# 33_61	0.4723282442748092	0.5553435114503816	1	2096

plasmid_29;31_11-,31_23-,33_78-,33_78-
#Contig	Gene_coverage	GC_cont	Read_depth	Length
# 31_11	0.3887900355871886	0.5513048635824437	1	3372
# 31_23	0.3887900355871886	0.5513048635824437	1	3372
# 33_78	0.4723282442748092	0.5553435114503816	1	2096
# 33_78	0.4723282442748092	0.5553435114503816	1	2096

plasmid_30;33_13+33_13+
#Contig	Gene_coverage	GC_cont	Read_depth	Length
# 33_13	0.4723282442748092	0.5553435114503816	1	2096
# 33_13	0.4723282442748092	0.5553435114503816	1	2096

plasmid_31;33_17-33_17-
#Contig	Gene_coverage	GC_cont	Read_depth	Length
# 33_17	0.4723282442748092	0.5553435114503816	1	2096
# 33_17	0.4723282442748092	0.5553435114503816	1	2096

plasmid_32;33_21-33_21-
#Contig	Gene_coverage	GC_cont	Read_depth	Length
# 33_21	0.4723282442748092	0.5553435114503816	1	2096
# 33_21	0.4723282442748092	0.5553435114503816	1	2096

plasmid_33;33_22-33_22-
#Contig	Gene_coverage	GC_cont	Read_depth	Length
# 33_22	0.4723282442748092	0.5553435114503816	1	2096
# 33_22	0.4723282442748092	0.5553435114503816	1	2096

plasmid_34;33_24-33_24-
#Contig	Gene_coverage	GC_cont	Read_depth	Length
# 33_24	0.4723282442748092	0.5553435114503816	1	2096
# 33_24	0.4723282442748092	0.5553435114503816	1	2096

plasmid_35;33_28+33_28+
#Contig	Gene_coverage	GC_cont	Read_depth	Length
# 33_28	0.4723282442748092	0.5553435114503816	1	2096
# 33_28	0.4723282442748092	0.5553435114503816	1	2096

plasmid_36;33_31+33_31+
#Contig	Gene_coverage	GC_cont	Read_depth	Length
# 33_31	0.4723282442748092	0.5553435114503816	1	2096
# 33_31	0.4723282442748092	0.5553435114503816	1	2096

plasmid_37;33_33-33_33-
#Contig	Gene_coverage	GC_cont	Read_depth	Length
# 33_33	0.4723282442748092	0.5553435114503816	1	2096
# 33_33	0.4723282442748092	0.5553435114503816	1	2096

plasmid_38;33_38+33_38+
#Contig	Gene_coverage	GC_cont	Read_depth	Length
# 33_38	0.4723282442748092	0.5553435114503816	1	2096
# 33_38	0.4723282442748092	0.5553435114503816	1	2096

plasmid_39;33_41-33_41-
#Contig	Gene_coverage	GC_cont	Read_depth	Length
# 33_41	0.4723282442748092	0.5553435114503816	1	2096
# 33_41	0.4723282442748092	0.5553435114503816	1	2096

plasmid_40;33_76-,33_80-
#Contig	Gene_coverage	GC_cont	Read_depth	Length
# 33_76	0.4723282442748092	0.5553435114503816	1	2096
# 33_80	0.4723282442748092	0.5553435114503816	1	2096

plasmid_41;33_74-33_74-
#Contig	Gene_coverage	GC_cont	Read_depth	Length
# 33_74	0.4723282442748092	0.5553435114503816	1	2096
# 33_74	0.4723282442748092	0.5553435114503816	1	2096

plasmid_42;33_69+33_69+
#Contig	Gene_coverage	GC_cont	Read_depth	Length
# 33_69	0.4723282442748092	0.5553435114503816	1	2096
# 33_69	0.4723282442748092	0.5553435114503816	1	2096

plasmid_43;33_42-33_42-
#Contig	Gene_coverage	GC_cont	Read_depth	Length
# 33_42	0.4723282442748092	0.5553435114503816	1	2096
# 33_42	0.4723282442748092	0.5553435114503816	1	2096

plasmid_44;33_45-33_45-
#Contig	Gene_coverage	GC_cont	Read_depth	Length
# 33_45	0.4723282442748092	0.5553435114503816	1	2096
# 33_45	0.4723282442748092	0.5553435114503816	1	2096

plasmid_45;33_47+33_47+
#Contig	Gene_coverage	GC_cont	Read_depth	Length
# 33_47	0.4723282442748092	0.5553435114503816	1	2096
# 33_47	0.4723282442748092	0.5553435114503816	1	2096

plasmid_46;33_50+33_50+
#Contig	Gene_coverage	GC_cont	Read_depth	Length
# 33_50	0.4723282442748092	0.5553435114503816	1	2096
# 33_50	0.4723282442748092	0.5553435114503816	1	2096

plasmid_47;33_52-33_52-
#Contig	Gene_coverage	GC_cont	Read_depth	Length
# 33_52	0.4723282442748092	0.5553435114503816	1	2096
# 33_52	0.4723282442748092	0.5553435114503816	1	2096

plasmid_48;33_55+33_55+
#Contig	Gene_coverage	GC_cont	Read_depth	Length
# 33_55	0.4723282442748092	0.5553435114503816	1	2096
# 33_55	0.4723282442748092	0.5553435114503816	1	2096

plasmid_49;33_57+33_57+
#Contig	Gene_coverage	GC_cont	Read_depth	Length
# 33_57	0.4723282442748092	0.5553435114503816	1	2096
# 33_57	0.4723282442748092	0.5553435114503816	1	2096

plasmid_50;33_59+,33_62+
#Contig	Gene_coverage	GC_cont	Read_depth	Length
# 33_59	0.4723282442748092	0.5553435114503816	1	2096
# 33_62	0.4723282442748092	0.5553435114503816	1	2096

plasmid_51;33_64-,33_66-
#Contig	Gene_coverage	GC_cont	Read_depth	Length
# 33_64	0.4723282442748092	0.5553435114503816	1	2096
# 33_66	0.4723282442748092	0.5553435114503816	1	2096

plasmid_52;33_67+
#Contig	Gene_coverage	GC_cont	Read_depth	Length
# 33_67	0.4723282442748092	0.5553435114503816	1	2096

